9.6839 5.2556 4.5609 -5.4251 0 0 0
11.385 12.852 -2.8855 9.4261 0 0 0
9.6517 -8.3694 3.7782 -16.893 0 0 0
11.206 10.785 6.3383 -2.8259 0 0 0
11.237 -2.3504 -11.061 -4.9361 0 0 0
12.52 -16.656 -0.71073 8.8371 0 0 0
9.6205 -4.5569 8.5302 -12.528 0 0 0
9.5247 0.1918 -8.6603 6.2507 0 0 0
11.676 5.2054 -8.6762 6.9367 0 0 0
9.2616 -0.4053 17.354 1.1271 0 0 0
8.1845 -14.03 -3.0829 -8.1463 0 0 0
10.087 -6.2546 2.6989 -11.383 0 0 0
10.5 9.0553 13.824 4.2962 0 0 0
9.637 -4.4816 -3.2769 -17.008 0 0 0
9.6493 5.8365 -2.4197 -11.471 0 0 0
8.6371 7.7935 6.2646 -11.027 0 0 0
11.723 11.476 -8.3402 -1.4081 0 0 0
10.201 -16.43 -5.3917 6.3493 0 0 0
9.4523 -6.4725 3.1781 7.3161 0 0 0
10.402 11.124 15.802 -0.060083 0 0 0
10.834 0.087901 5.7004 -11.942 0 0 0
8.9517 -13.93 4.7822 -5.9087 0 0 0
10.225 -17.31 -3.6168 5.2229 0 0 0
9.5176 -8.7983 11.394 10.059 0 0 0
11.651 1.3939 -9.5301 -4.4793 0 0 0
10.159 13.052 -11.999 -0.075598 0 0 0
8.8753 -0.77747 -7.7525 6.4361 0 0 0
9.8889 -16.038 10.69 3.7353 0 0 0
10.449 -15.201 -11.666 1.3996 0 0 0
12.101 -9.5354 -11.691 -5.4226 0 0 0
10.04 12.046 12.425 -3.1054 0 0 0
10.572 -16.046 0.384 11.669 0 0 0
11.201 -3.5259 8.8293 -3.1397 0 0 0
10.509 -15.972 -8.5955 -1.3603 0 0 0
9.1302 16.981 -6.2817 -4.9628 0 0 0
9.8389 -15.413 7.618 6.6159 0 0 0
9.3422 11.163 2.3578 1.561 0 0 0
10.707 12.979 -6.1639 4.5775 0 0 0
11.54 4.3402 -2.212 -0.08659 0 0 0
9.9781 -8.474 10.468 -2.7934 0 0 0
11.055 -0.6424 10.222 -0.46168 0 0 0
9.3032 1.7547 -7.4407 -13.29 0 0 0
10.159 -16.296 -1.188 -2.9547 0 0 0
9.8235 -5.9171 -2.4521 17.361 0 0 0
11.63 -4.9361 -11.366 8.4074 0 0 0
10.294 12.05 7.9039 7.4253 0 0 0
10.768 11.498 -11.853 10.356 0 0 0
9.6588 15.514 -5.8136 9.9057 0 0 0
9.3666 9.7559 6.7739 11.215 0 0 0
10.395 9.2112 -13.394 10.438 0 0 0
9.1816 1.8153 -1.1617 7.1385 0 0 0
8.6383 11.693 0.83464 -14.483 0 0 0
9.6979 -13.436 -2.0141 -2.8868 0 0 0
11.599 -7.1665 -9.9089 -0.1942 0 0 0
9.6077 -12.311 10.834 -9.0657 0 0 0
10.221 -3.1398 -4.2819 -13.031 0 0 0
9.4063 0.2799 -3.4583 10.417 0 0 0
7.9496 -4.8216 -2.483 2.7546 0 0 0
10 -9.4519 -10.312 -13.869 0 0 0
11.694 -2.2016 12.293 -12.387 0 0 0
9.6685 9.2837 -14.662 7.7929 0 0 0
8.8499 -17.048 8.4401 -4.6616 0 0 0
9.0093 -6.3275 -6.8772 -14.901 0 0 0
10.364 9.575 -16.552 -3.4654 0 0 0
9.5797 -1.1256 8.8276 -9.0756 0 0 0
10.984 -12.501 8.9868 11.482 0 0 0
9.7242 -9.3397 -3.3132 16.738 0 0 0
7.9145 -1.7224 0.634 -13.263 0 0 0
9.5605 6.7339 4.2963 2.5128 0 0 0
10.712 -0.60369 -17.093 6.5381 0 0 0
11.026 7.4904 1.5569 -4.3323 0 0 0
11.285 -11.834 5.5923 12.353 0 0 0
11.001 13.562 3.2346 -6.3058 0 0 0
11.073 5.5409 -0.84914 -16.405 0 0 0
11.894 -6.3755 -0.90082 -9.0029 0 0 0
11.534 10.969 -6.9973 9.6515 0 0 0
10.176 -11.564 10.424 7.2636 0 0 0
9.5239 2.9765 -2.6424 2.7384 0 0 0
9.7203 -0.47499 15.061 3.855 0 0 0
10.703 12.268 -7.8888 12.503 0 0 0
11.208 2.8115 -2.1933 -9.0191 0 0 0
9.7524 -12.025 8.9093 -2.8813 0 0 0
11.513 -10.655 -10.658 -8.7161 0 0 0
9.2751 -12.119 -5.4808 -0.50854 0 0 0
9.5347 10.043 -7.8399 14.977 0 0 0
9.613 3.5531 15.513 -7.768 0 0 0
9.338 11.589 0.28106 2.3452 0 0 0
10.87 3.842 -3.5815 -15.572 0 0 0
9.8129 1.2953 13.815 -13.213 0 0 0
11.852 0.39534 12.248 10.995 0 0 0
9.9939 -9.1217 -11.156 -11.1 0 0 0
11.866 -4.8664 13.645 12.712 0 0 0
7.57 8.1734 -15.888 -6.1158 0 0 0
10.362 7.1043 -6.3681 3.475 0 0 0
10.283 4.8166 -1.7214 -10.278 0 0 0
11.935 -7.3213 5.9953 5.0198 0 0 0
10.262 1.945 -5.8214 -0.0063614 0 0 0
11.779 1.0637 1.6107 3.7 0 0 0
11.893 -10.79 -10.812 -7.0785 0 0 0
9.3797 -5.1761 -15.592 -4.1854 0 0 0
